1071
1600
502
214
875
1479
1674
759
939
92
118
316
1032
825
37
1873
971
1179
1715
1685
459
342
776
953
1584
902
675
293
803
1136
1760
549
1684
1751
725
624
1591
1098
1855
1577
1052
138
1795
1022
42
794
451
1486
728
1711
1184
1064
1240
1079
599
126
912
262
57
296
917
1115
826
741
1110
817
1062
605
1042
1089
1099
913
696
853
1415
1380
1177
1239
1439
1315
1612
1816
1320
1439
782
1501
1014
780
883
116
1951
1217
173
1892
1227
1568
1640
1746
1131
432
384
16
1266
1301
128
832
1972
1730
824
1526
1706
436
1466
1963
1951
927
641
1918
587
1303
1518
805
1033
677
912
449
390
953
1791
1567
1177
334
150
1051
297
1337
283
751
368
171
1051
1081
1322
1526
1639
283
905
1500
21
1468
1129
1155
1813
204
587
1973
1585
1748
1632
548
1279
108
1412
1995
726
1222
692
159
555
663
253
1956
1575
342
1939
1500
422
1005
1642
74
463
1117
1109
357
123
990
1113
1496
212
1203
300
166
795
172
31
1387
54
549
70
1053
1748
1740
1792
1553
1390
1728
1671
138
925
532
470
77
1474
1555
290
768
245
1726
1798
304
653
1633
1375
1698
424
403
1856
1937
825
764
1987
806
940
865
1661
262
966
155
1869
1701
1661
1365
1057
728
1169
1620
356
1112
1271
1121
920
1939
1760
66
1980
1644
1930
423
938
1970
82
751
832
1135
1365
1547
648
263
1282
1114
1590
640
877
980
414
1152
226
675
416
610
1268
1642
401
1699
1938
1737
1111
1945
1796
1481
1424
594
568
402
272
1642
1171
861
693
455
1542
515
216
895
1583
884
51
1385
1545
1747
617
1297
1793
1358
1303
1908
1637
1580
165
1419
491
1040
1352
1749
1980
122
1431
829
139
1884
808
1675
790
921
823
1638
1736
521
1074
1031
1688
154
516
1193
97
897
524
1596
1263
1022
793
696
835
381
212
1407
227
745
1674
1819
1729
635
549
167
678
960
1094
602
1259
1240
817
1405
1332
1115
964
1326
1594
1110
85
1101
307
163
40
1620
831
631
1562
1635
946
180
764
137
873
271
623
1023
1307
428
1481
446
782
629
226
1681
1378
1689
1822
789
14
674
806
1916
597
1855
1621
1329
308
1807
1420
166
299
1983
930
1146
262
251
444
230
455
913
773
582
1810
451
1610
517
773
1338
244
1649
1809
1688
1139
1933
1129
1734
1892
469
1782
1804
1343
1308
404
767
1711
1650
141
1124
702
338
1296
1171
93
1815
158
1302
205
398
1521
1633
781
1062
1801
508
1936
1796
1251
988
90
531
664
640
1175
1289
736
262
1656
213
610
861
1371
373
793
1558
661
195
1972
1572
1151
991
122
1890
299
1128
343
931
1665
1140
1192
21
1370
624
1807
1471
1416
129
1812
89
1392
8
1416
1755
709
1491
822
974
98
401
905
174
532
382
1012
65
1186
1836
1746
17
969
994
587
725
120
1614
1871
398
1733
1239
850
1773
1419
1422
148
754
769
1714
204
1215
375
1858
1648
426
879
269
195
866
1606
1973
1388
1097
1326
178
1295
720
73
51
955
1376
1924
1072
655
1812
462
1563
1097
229
371
1556
173
77
73
620
1550
748
1446
225
300
1369
636
1960
1610
240
1747
1400
682
778
689
979
888
522
1832
1920
1184
1060
188
1043
1805
1016
223
991
47
684
59
466
1895
375
1180
1902
1938
1722
1495
55
432
1545
1115
1704
1312
807
579
1600
426
1520
68
282
440
927
1897
955
1345
592
1753
1189
452
48
1810
344
1374
624
1172
1607
9
425
1084
136
209
137
683
965
275
1851
371
1952
1924
661
414
276
187
235
1578
662
1820
225
1605
1578
1458
1613
929
1026
1464
1275
164
1761
677
218
318
494
66
451
1256
1796
936
1930
854
886
1051
622
56
1072
1805
1018
1875
9
528
910
1030
52
1436
87
1660
1877
585
1210
222
960
1402
1249
882
1966
502
1756
1716
1737
548
377
1855
1783
194
1886
1047
1859
1906
514
1126
470
1586
283
946
1541
838
499
1656
372
1796
1124
1367
1160
108
274
667
266
2
1432
948
1560
282
10
1458
501
1390
665
671
1649
95
198
970
483
693
1614
1643
1618
341
1651
1384
419
590
827
131
1341
240
769
1741
1064
1946
314
1212
212
542
1570
1956
598
3
1285
1477
253
838
201
1360
1123
287
1528
759
1183
491
1932
1200
855
443
35
710
1474
600
498
1133
1964
1874
1670
800
227
1748
1637
136
78
1333
1187
1290
701
1837
1713
862
443
1489
64
248
288
558
1394
1781
387
1054
241
1348
1325
954
1402
718
168
813
1777
147
1303
176
1048
1955
575
1271
522
85
1523
1799
49
1896
269
1506
1799
1027
1160
1697
186
1259
1531
1292
873
369
1200
537
1755
1109
1762
1311
1423
635
228
790
557
1192
559
1422
1643
569
1540
952
1948
416
1423
756
372
45
1548
1080
326
1253
1236
697
1598
737
1295
1737
778
645
669
1070
1475
1787
1808
779
650
1195
1425
141
1901
346
755
1892
1768
93
229
1452
1016
56
1968
1175
1820
1735
1792
408
692
1559
640
1743
923
1554
174
1276
1617
1510
1181
1026
945
609
1498
1577
930
1451
1510
1647
1208
1264
1441
1325
490
201
920
578
702
1013
1253
526
1425
585
165
893
963
1233
120
1118
1854
385
1857
638
1287
1485
684
38
990
1922
335
318
1568
511
1993
332
76
1987
824
1629
1906
548
1319
1487
1446
1881
1843
1465
404
1381
1135
1015
830
1345
1726
1061
305
1140
445
248
1462
977
1363
1156
1188
1246
1984
1677
1858
1948
51
653
874
1832
376
1166
793
749
1246
1397
707
35
423
1548
916
1400
904
651
241
1577
432
1042
973
1998
662
1460
1544
1503
139
51
1601
1479
734
741
1052
1635
1534
464
1006
983
522
1863
181
750
1876
1105
117
763
389
482
1037
417
1130
1304
1336
1003
491
1156
992
1929
28
83
668
1703
77
217
10
604
1340
153
1800
1372
1739
722
1676
666
1515
761
148
1310
1351
1455
1128
1391
702
176
1691
685
1304
56
928
845
1241
1873
1368
1986
1796
1181
1450
340
87
1852
748
1728
1700
875
1262
924
895
1049
166
1845
1251
855
1749
1751
1728
1372
1177
1944
719
578
428
225
22
976
1337
1466
246
1493
1950
1137
321
1790
493
1559
1130
1332
1693
1351
1141
1493
782
4
1069
1501
778
670
20
961
518
1104
837
327
712
393
965
1829
882
20
1736
837
1132
1127
832
1170
640
1333
1217
1171
271
688
1295
736
193
1551
1929
1893
1242
775
1103
1954
711
1673
1470
12
88
328
1724
564
1240
821
750
818
1623
441
1080
382
1289
1678
1452
922
438
970
947
1551
258
777
1434
355
1032
1030
996
116
640
1798
1821
1924
1072
2
766
1616
1918
559
908
1247
1139
907
731
1459
1354
1413
849
1903
8
729
933
566
1974
1592
1525
1579
1866
528
903
475
612
381
1031
1875
1284
1259
256
1486
1416
1623
582
703
963
1921
959
152
1722
688
1618
741
408
722
1495
632
897
1598
30
1058
387
793
1740
346
1288
641
1520
1821
168
249
1636
178
1980
1825
79
1992
1597
224
1063
1183
235
1889
1636
432
569
1289
1935
378
1030
1681
1625
1914
519
51
88
582
191
709
492
54
1248
1229
1520
143
75
304
1484
574
804
668
504
1005
225
494
1498
5
1601
1648
1472
176
1945
1523
1321
1737
1609
1205
926
867
1598
478
1295
786
1393
1933
743
314
1964
170
1713
723
1772
1352
148
565
529
1913
1178
246
323
1309
1375
109
959
1929
180
402
1823
112
1442
1828
1304
1025
588
1894
1485
1708
78
583
528
1906
1282
300
729
120
1393
269
575
1927
1622
1801
1251
1876
526
1302
780
135
12
249
1676
42
1625
14
434
512
1608
1109
937
271
1352
1961
1550
683
642
1966
1615
1057
738
1078
1534
1949
1843
624
1316
1912
1203
1247
915
1569
1030
786
1764
1974
1574
1333
1279
80
1111
1315
1609
665
1689
5
1112
91
1767
1116
674
1766
588
631
1379
333
597
1921
1980
1261
417
1899
313
1899
1301
1969
1451
1769
1005
1948
900
1525
189
644
978
815
933
511
930
1300
1763
1322
1286
523
210
1842
353
172
128
1920
78
1720
1805
607
1057
233
1503
603
229
1542
1715
1992
405
467
1581
732
1766
1059
769
122
353
59
1035
28
719
1045
920
764
700
781
1223
591
414
460
1914
1326
479
1310
422
1203
1798
1906
938
1436
1749
270
509
1311
363
636
1264
1563
1672
180
882
1510
1937
887
1426
344
1514
726
447
803
384
1213
1516
1262
201
1440
1167
1740
1170
1360
728
1726
568
1801
1183
834
643
955
1350
133
1420
1444
366
92
160
166
229
1675
780
1722
1388
1825
1752
800
1063
736
1824
1778
14
1852
141
660
817
1328
1475
1578
1768
263
915
311
599
477
1441
348
945
275
0
389
164
1961
553
1596
674
315
698
1177
1184
1547
859
55
662
279
379
227
1847
342
1978
355
1851
1492
176
193
1064
615
650
931
976
766
421
537
1779
1861
722
1074
1764
1687
1018
1418
730
897
1051
4
893
1007
1345
1232
96
917
384
1034
1310
1260
1708
575
1820
951
220
188
1758
1073
499
1733
502
1204
1806
446
344
344
412
874
921
1815
1543
61
869
761
769
80
207
833
921
1953
147
1011
1165
1972
984
80
1338
1099
369
1056
654
1165
1458
186
799
998
416
1123
52
362
1985
1040
1841
1639
1843
1082
1856
214
1528
1598
1674
797
1727
717
1542
597
1966
743
1208
1667
283
1391
1867
358
1962
123
1225
556
1425
202
54
1728
247
562
797
324
1563
213
1266
23
1296
303
663
243
166
751
1322
405
1668
1871
1979
1210
1729
1586
828
99
1427
1210
1665
277
1134
1682
1878
1903
62
862
928
185
320
174
1004
661
1530
937
627
1509
1339
1851
575
1993
1149
1373
1335
1010
1239
1614
726
1384
127
1963
1882
1541
1997
1168
1817
268
554
763
621
1001
167
937
32
1735
74
975
1139
712
1828
1015
120
868
590
661
591
817
929
1685
557
1706
196
484
25
1152
816
1239
1633
1114
384
1787
1689
1770
660
1194
1667
782
1701
614
1754
176
1587
1254
744
330
1433
731
808
1577
1570
1165
182
1949
1013
1399
18
1818
1900
299
1827
1278
483
1715
920
431
123
117
474
736
302
1874
1213
80
669
1148
85
80
1060
1522
1829
735
1151
1865
1203
404
695
1816
1784
1174
917
832
1699
1003
1879
902
1101
1995
256
287
103
481
201
1271
1679
14
37
861
978
729
1459
239
1211
1879
876
253
1482
1027
1405
124
719
442
1534
1738
1798
1029
208
953
1565
1716
278
1627
1583
1268
666
840
901
1197
1009
542
1347
1690
664
837
78
821
1837
1437
637
1646
875
